17
1.000000    2.000000
-2.1719179663961014e-01    0.0000000000000000e+00
-2.1749135836741679e-01    5.6194556982495682e-03
-2.1839408340947217e-01    1.1286601076909287e-02
-2.1991221278506684e-01    1.7050040669405891e-02
-2.2206655776238995e-01    2.2960236616786631e-02
-2.2488713039851582e-01    2.9070507232500296e-02
-2.2841405642434720e-01    3.5438108561486027e-02
-2.3269879279995934e-01    4.2125422203212894e-02
-2.3780565850923624e-01    4.9201259538359250e-02
-2.4381363321769531e-01    5.6742254123272606e-02
-2.5081821614275079e-01    6.4834205953138657e-02
-2.5893266807893278e-01    7.3572930060748665e-02
-2.6828654145488207e-01    8.3063201114561197e-02
-2.7901464209705384e-01    9.3411040260945155e-02
-2.9121034983938243e-01    1.0469044466960552e-01
-3.0470868574912413e-01    1.1678110175354349e-01
-3.1683674842237991e-01    1.2750765112626289e-01
-1.2488104279108891e-01    0.0000000000000000e+00
-1.2496847361792533e-01    2.8853129318290004e-03
-1.2522981946888342e-01    5.7720604940022183e-03
-1.2566213075780575e-01    8.6607442843686377e-03
-1.2626012010899487e-01    1.1549928416572087e-02
-1.2701558644011435e-01    1.4435092854108891e-02
-1.2791657643628201e-01    1.7307278005635706e-02
-1.2894626686539756e-01    2.0151468981614261e-02
-1.3008157751547270e-01    2.2944707069780634e-02
-1.3129159048490319e-01    2.5654002381561580e-02
-1.3253598381053672e-01    2.8234289028089502e-02
-1.3376391416870070e-01    3.0626948826842595e-02
-1.3491410554175709e-01    3.2759834575116831e-02
-1.3591722236233472e-01    3.4550132405645265e-02
-1.3670163289932405e-01    3.5911449244761889e-02
-1.3720290480480971e-01    3.6765571119258066e-02
-1.3737550465126322e-01    3.7057005366233776e-02
